Estado,Ano,Culturas P. Colhidas (hec),Producao de Milho (R$),Producao de Soja (R$),Despesa Orçamentária (R$),Culturas T. Colhidas (hec),Área Plantada ou Colhida (hec),PIB Estadual,PIB Agrícula Estadual,Focos de Incêndio
Acre,1999,9864,18904.944258886102,135.8882961653,16480351.0,81922,91787,1866542.316,280900.588476301,347.0
Amapá,1999,1283,663.5878462749,,2869221.75,6903,8235,2128307.033,54019.0545332735,101.0
Amazonas,1999,61397,12572.435225330002,875.2875076690001,17685970.41,150055,213964,13933920.08,623336.204802765,1048.0
Maranhão,1999,28896,96560.50276625008,243966.356391001,15239850.98,1130797,1180275,10308256.16,1174349.19809813,8712.0
Mato Grosso,1999,91480,287455.0136586403,3470093.0890785544,43232165.0,4259560,4445242,12364904.96,6462377.66062551,44307.0
Pará,1999,202709,287052.8578723894,1887.0950728801,30962077.16,1092714,1348429,16503978.55,2663437.6115437,20478.0
Rondônia,1999,204041,69012.0514808808,8720.6910065433,17261708.35,359335,563376,5399619.044,1040350.67491099,7122.0
Roraima,1999,4305,18595.2405278942,,22648292.0,36420,41943,1569596.587,135738.604479132,220.0
Tocantins,1999,6665,36434.6727365223,66983.7277494781,26740002.13,288284,302069,3015695.225,464915.728032059,220.0
Acre,2000,11194,24988.6238154455,,28832578.47,93973,105167,2154284.485,313604.569832282,430.0
Amapá,2000,1391,679.7185023820999,,5433627.8,8317,10025,2357035.636,57613.084738766,253.0
Amazonas,2000,58333,12887.722412030504,811.3956204289,0.0,148071,209183,16749755.08,585857.050279088,857.0
Maranhão,2000,30852,131708.02864656603,256386.81894609352,7073867.98,1212910,1244774,11908911.65,1236925.8828432,8983.0
Mato Grosso,2000,95999,526207.8123527365,4793548.071749686,52652879.67,4715558,4842967,14870532.68,8505358.40535784,26056.0
Pará,2000,203676,278283.39178120246,1636.6519901261995,46812829.69,1075043,1337023,19050189.09,2446348.2416318,18201.0
Rondônia,2000,249205,80565.9361083137,18806.9599018758,25985692.55,343389,592701,5946137.705,978419.20340981,5505.0
Roraima,2000,4305,17608.117962735898,,25823449.91,36420,42528,1776655.569,128769.543706611,362.0
Tocantins,2000,6156,53098.77414920642,83288.2411724998,16412543.1,289608,296652,3671728.026,435339.834303724,362.0
Acre,2001,10652,20954.800824000795,,23410698.78,91928,102604,2475169.496,239926.83754528,829.0
Amapá,2001,2098,1040.856620663,,9538735.27,12451,14856,2801925.026,65246.4831549614,1300.0
Amazonas,2001,48182,9962.186814197901,809.3233844030999,7891870.0,145811,197059,18050376.83,659139.663585932,1297.0
Maranhão,2001,31648,131684.00665140242,279537.7939107752,4960227.22,1243970,1286775,13419658.02,1460513.74021067,18696.0
Mato Grosso,2001,97303,406962.42336900707,4716569.813499645,40140417.28,4866341,4979439,16309976.23,8920744.0598467,33013.0
Pará,2001,212916,250656.63004365278,1785.5175697136,53468508.48,921167,1169643,22321475.27,2380176.26994392,28590.0
Rondônia,2001,259811,54973.49947407398,40115.74053824279,22425196.01,283728,543539,6548811.407,509667.229557753,5066.0
Roraima,2001,4395,16176.038263002501,,38178390.29,29255,34503,2033141.428,128966.098481617,2415.0
Tocantins,2001,6402,56704.784033491596,104738.54407481068,30644969.17,305680,316622,4843263.94,531199.820529898,2415.0
Acre,2002,13487,29299.7792724936,,41052040.32,90418,113139,2971301.0,269826.593361219,6739.0
Amapá,2002,1536,1229.1355241724,,13328156.6,12602,14407,3173343.0,92652.5017764889,2664.0
Amazonas,2002,49749,10032.557501007597,1538.7940874486,44533581.11,148152,203935,22093338.0,825304.662489146,8395.0
Maranhão,2002,31696,179898.32704325116,380598.87045386113,29199437.98,1293564,1327467,15924003.0,1706625.229253,30464.0
Mato Grosso,2002,72208,1055971.7959434798,7680936.281398576,89468498.0,5626452,5705636,19190653.0,12022624.8016769,69126.0
Pará,2002,213106,271602.8556720398,8372.1796831925,60500850.3,863540,1119417,26482159.0,2972192.1783817,60238.0
Rondônia,2002,180606,126460.3778014709,95498.3209653752,38434806.33,245875,479299,7467630.0,760278.263946829,28691.0
Roraima,2002,3880,19354.6100776869,,21051058.0,36740,43138,2392033.0,160207.461961269,2466.0
Tocantins,2002,6734,68307.25951642338,176967.01929395067,67983725.52,338606,363223,5322563.0,608412.585736161,2466.0
Acre,2003,14160,35786.63413393859,,38074672.0,95655,113362,3377234.0,305032.268146111,10523.0
Amapá,2003,1529,602.7713361479,,14627607.31,11197,13687,3413195.0,51878.297649218,2516.0
Amazonas,2003,51426,12040.4406952593,2206.2762994355,55795494.58,137910,194653,25862134.0,695456.587208414,10191.0
Maranhão,2003,31821,230526.7337927203,661393.3462593161,37711437.24,1400279,1445559,19502900.0,2184801.32174964,34548.0
Mato Grosso,2003,78766,1453676.3235146548,11184943.322960977,78066708.01,6440194,6523913,26697097.0,16952122.9278585,70560.0
Pará,2003,232423,383677.2763715,34785.90050679899,63805522.67,983599,1233147,30270152.0,3004765.1572705,53040.0
Rondônia,2003,231594,143666.05216248904,130488.3384766536,30261419.29,291655,535671,9425010.0,1198194.52338258,30557.0
Roraima,2003,4088,23677.9237569609,,38935586.0,45406,52405,2594081.0,201585.384086691,3987.0
Tocantins,2003,6969,104221.16215696087,351457.3168288002,62232880.37,406345,416776,6612339.0,1152447.17617452,3987.0
Acre,2004,15083,26947.290854676503,,44857879.48,112641,132684,3784003.0,233521.037819956,7271.0
Amapá,2004,1544,647.4890966913,,15247535.25,12191,14667,3824740.0,69499.2234716254,3413.0
Amazonas,2004,49211,11903.6002668643,2110.907174417,88331432.65,126160,181457,31090696.0,597086.938272348,8083.0
Maranhão,2004,33075,197005.12527861138,658178.0754072202,22579248.8,1518841,1553114,22127132.0,2278222.06577045,33585.0
Mato Grosso,2004,78866,1014830.2140013808,14866918.337815324,89413580.16,7894146,7991662,33388670.0,22973491.1003152,97012.0
Pará,2004,229621,355503.9658045635,86029.51193776057,79216321.99,1026708,1263017,37272726.0,2966992.84200632,74214.0
Rondônia,2004,213778,94114.62638618739,164007.90646797168,49596578.68,351157,566031,11004641.0,1010909.73706031,40881.0
Roraima,2004,4941,20028.8930363261,27335.1661846753,29382517.33,58407,66749,2822757.0,252157.597500389,2221.0
Tocantins,2004,6835,82452.0960455406,580652.4596486811,70350354.19,534423,548622,7251580.0,1210232.84239868,2221.0
Acre,2005,12745,27006.472107305803,83.42878200930001,52089827.25,106132,134582,4300581.0,254467.854119155,15993.0
Amapá,2005,1814,903.3323293417999,,18120188.54,14054,16635,4306410.0,81295.594358913,2020.0
Amazonas,2005,41809,18459.337233185604,1911.6698498326,113011299.48,164330,210503,33980877.0,626954.350954053,15644.0
Maranhão,2005,34687,175883.69517554287,683767.9130750804,28989526.12,1592694,1640447,25104209.0,2013957.85185789,33691.0
Mato Grosso,2005,72982,1149848.557478878,9605948.2461544,97645698.74,8916841,9050078,34257055.0,19042819.4350034,72104.0
Pará,2005,234547,287276.94185793307,149008.1199503544,96831600.09,1058747,1302745,40522893.0,2732155.96021182,71477.0
Rondônia,2005,213924,93746.620860156,145970.1615433966,50094187.18,386244,609435,12511821.0,1012457.17620967,41649.0
Roraima,2005,4955,17261.1273122598,21989.2377685428,60007887.02,56807,64824,3193430.0,195742.622148296,1461.0
Tocantins,2005,7093,68814.36088487359,561206.7170216588,88044053.85,676648,688787,7707340.0,1079006.01413481,1461.0
Acre,2006,14078,20883.115496518498,15.8867367793,65722437.72,108519,126861,4661807.0,192953.685448906,6198.0
Amapá,2006,1872,1166.3512585538003,,20845341.5,13490,16289,5280822.0,104223.612746507,1665.0
Amazonas,2006,42580,22968.249698813503,1759.4560983184,109260059.83,160641,209508,39933213.0,631618.261401634,11697.0
Maranhão,2006,36066,195250.64280826066,403549.5920913331,50550149.01,1601710,1644964,29710643.0,1685441.11555781,23302.0
Mato Grosso,2006,53936,1147573.1356808618,5881829.963204473,130207073.74,7988973,8063237,30700165.0,10597884.5620631,43479.0
Pará,2006,249466,285606.45824108395,106341.84431709372,103348724.0,974955,1239015,45983027.0,2719318.17168745,55840.0
Rondônia,2006,201710,93636.4265777697,134793.6659942627,56956393.52,393197,604103,13054713.0,840494.428787691,25702.0
Roraima,2006,5502,15886.736779397701,17125.902248190603,35404924.95,53582,62185,3802452.0,180000.699394771,2189.0
Tocantins,2006,6841,61498.8819677818,351605.25840162754,83829772.76,578438,599269,8655613.0,764251.331193898,2189.0
Acre,2007,14944,9902.8975006553,80.6928194402,67489496.36,107632,123843,5458172.0,114561.484314534,8549.0
Amapá,2007,2153,737.6811649528001,,28131655.32,15153,17871,6012523.0,62853.4111593843,1484.0
Amazonas,2007,36553,7238.889880130898,1649.3383377767998,120755160.74,136527,183247,43479773.0,262868.018971541,11293.0
Maranhão,2007,37439,94997.19548204397,192463.2478652576,57310272.24,1615209,1657791,30730866.0,818741.966541273,44765.0
Mato Grosso,2007,56021,897661.83311174,3363401.473376496,128762694.4,7986278,8048076,38027578.0,6298684.61791051,79968.0
Pará,2007,252318,132542.82039119874,41246.0488134094,141486889.81,947333,1205822,51846876.0,1339278.18209121,68491.0
Rondônia,2007,198416,46195.20840573901,57822.4141686154,70482532.53,377445,593956,14438376.0,465065.33893508,27500.0
Roraima,2007,5502,3802.8637246796,4879.3402733811,51334871.27,41088,49395,4203302.0,74889.8039144571,3244.0
Tocantins,2007,6934,34682.4605427765,182803.573401922,164085167.14,578753,588061,10192844.0,406520.695418,3244.0
Acre,2008,13740,13487.4572439382,55.9044128932,69364084.68,96648,113055,6410255.0,129468.926292679,5699.0
Amapá,2008,2610,929.6696810759,,24858345.0,18438,21079,6950413.0,58434.087576621,2153.0
Amazonas,2008,41303,7826.100171595999,496.9281146063,164954629.29,138796,181694,48115265.0,265541.302541642,6701.0
Maranhão,2008,37927,104327.46949431919,488737.6004839457,104170981.83,1628583,1667117,37932402.0,1389221.55459539,22122.0
Mato Grosso,2008,60096,1326174.8353216262,5181561.589753976,152083935.56,8817389,8915519,49202505.0,8502406.39473854,29448.0
Pará,2008,250951,134204.2371181142,76548.1526209243,229051940.69,889618,1148344,60956978.0,1263847.62654714,48449.0
Rondônia,2008,198718,57764.787522260885,92062.144832241,101735887.01,398253,622051,17285542.0,568684.016721943,11560.0
Roraima,2008,5529,3974.9072833972996,7537.260704981,44701102.32,45124,53643,4841862.0,83069.8164916785,1950.0
Tocantins,2008,6596,58089.861330565705,307059.1288835419,285711673.95,631208,641703,12116393.0,618081.259481069,1950.0
Acre,2009,8444,11192.079193789801,56.7877345149,106554752.18,78352,94431,7407821.0,94691.0995564159,3511.0
Amapá,2009,2922,783.7686461925,,31001018.94,20368,23520,7490656.0,51064.4120647809,2456.0
Amazonas,2009,43839,7369.677201614201,479.2688973283,159933449.08,139987,184691,50559840.0,258711.70061512,9280.0
Maranhão,2009,35716,88548.72278953213,397233.1402283278,105264349.41,1560706,1624638,40994571.0,1075150.91793356,19132.0
Mato Grosso,2009,54806,900999.5808571696,5147793.9368419135,191384935.45,8702132,8821813,52693417.0,7834229.75336305,15059.0
Pará,2009,243956,137438.55626194112,76824.99290881881,202790220.6,839879,1103914,61665096.0,1296819.39186529,41664.0
Rondônia,2009,194061,57632.69684052531,110052.67129213129,106433143.97,436593,630866,19725010.0,561425.573138883,5401.0
Roraima,2009,6199,3759.2501149994,1247.3719615859,52057139.93,34024,42343,5671975.0,67522.5745359562,2359.0
Tocantins,2009,5876,42715.14644278389,274430.1538892953,123654571.77,593082,605113,13689804.0,581881.396300133,2359.0
Acre,2010,10851,14382.352603693402,100.3366917017,115099272.81,78352,128842,8342356.0,185599.619778671,8661.0
Amapá,2010,3023,827.3216306673999,,23828850.05,20368,25387,8237795.0,56510.0808422584,1000.0
Amazonas,2010,29048,9542.019380830001,147.7685823243,211185655.32,139987,171943,60877123.0,260902.762976655,12139.0
Maranhão,2010,36181,92819.19311386842,423397.1230357848,124547504.33,1560706,1765850,46309633.0,1120048.91187257,36277.0
Mato Grosso,2010,51794,548940.6720722852,3983032.356943036,214748083.75,8702132,9432603,56600955.0,6269267.27191197,59013.0
Pará,2010,255267,113951.92468972849,68326.0945177457,255736267.33,839879,1049016,82684518.0,1419119.75237255,57196.0
Rondônia,2010,195653,54065.05809583721,115272.26433734818,117642009.01,436593,652066,23907887.0,550080.861750714,16970.0
Roraima,2010,6052,3795.9194774231,1251.4721910427,125711316.31,34024,42193,6639150.0,68290.5205997785,1918.0
Tocantins,2010,5286,44419.509492206096,263875.0094303812,46398608.81,593082,654079,16404816.0,569963.945439016,1918.0
Acre,2011,11138,38268.59189257221,181.8709013518,132794861.42,116317,132201,8949434.0,372322.97035885,3191.0
Amapá,2011,2855,1487.2792998876,0.0,24347301.39,19518,25564,9409228.0,133646.493214715,1396.0
Amazonas,2011,32947,20775.7500711774,299.1176245584,167370915.39,131148,188120,70734401.0,964454.004248486,5028.0
Maranhão,2011,36484,308233.3264870395,955923.612733304,107406360.91,1751843,1788327,52143535.0,2659313.54995908,19315.0
Mato Grosso,2011,57060,2672510.730338897,12223732.536379356,230741071.9,9880377,9941283,69153957.0,19851288.277973,17371.0
Pará,2011,255425,271638.50080843095,211722.6556422636,247044735.73,795692,1051399,98710736.0,3248389.70662753,26563.0
Rondônia,2011,191734,125943.2911797917,303063.3922354133,129685823.65,442583,738111,27574714.0,1281611.00653485,6080.0
Roraima,2011,6225,7135.432469788901,6979.4112396953,57090517.49,40275,49664,7303719.0,168773.42684688,1475.0
Tocantins,2011,6398,143146.2474020782,745189.707016665,54463036.14,705878,712276,18345688.0,1518330.29428373,1475.0
Acre,2012,10753,47024.32082847031,0.0,188847015.43,116342,146928,10137925.0,370196.575249312,4720.0
Amapá,2012,3673,1152.9006670691,0.0,27714427.2,20595,24688,11130868.0,136850.50655565,2518.0
Amazonas,2012,29839,21562.150383881497,431.054848815,231933981.11,123309,188131,72242701.0,946383.486376115,9114.0
Maranhão,2012,34330,316155.6393817967,1043600.0390648252,190603947.17,1776130,1830190,60490109.0,2489157.01411457,34299.0
Mato Grosso,2012,56909,3840921.927774524,12771501.745976271,207029140.47,11261948,11319172,79665691.0,22238156.4268734,27953.0
Pará,2012,262855,264472.6761694069,302299.44968804123,302206767.15,818683,1081692,107080881.0,3316805.41606351,37221.0
Rondônia,2012,164276,174948.39988990888,507435.3732759181,164034945.12,474939,642024,30112720.0,1622000.38262959,8312.0
Roraima,2012,7081,7066.220557361001,9578.9966403345,56186842.21,41278,52154,7711467.0,190521.11157091,1376.0
Tocantins,2012,6068,139831.11399239747,828968.9350572166,173954391.0,730965,737451,20684430.0,1470550.458873,1376.0
Acre,2013,11948,52944.78069615029,102.6277492082,168472188.18,117006,130776,11473930.0,448795.125107042,4980.0
Amapá,2013,3796,791.5861276137,9000.2149363718,46388222.91,24097,28120,12763486.0,108230.110525404,1529.0
Amazonas,2013,30986,17517.5225567024,36.5959415781,294766705.41,118238,176155,83051233.0,1051914.540285,6512.0
Maranhão,2013,32942,516713.2148562684,1051249.44882502,261588881.93,1830829,1878533,67694845.0,2834016.76498268,17455.0
Mato Grosso,2013,55885,3759601.3193761194,14213391.9395153,256677650.25,12704132,12779375,89212919.0,22986418.4750063,18554.0
Pará,2013,259946,279084.62829436874,381095.81544333545,303636756.31,863704,1124220,121224847.0,4230965.00254159,24046.0
Rondônia,2013,129151,108605.6167085537,402437.6138949505,159019101.49,446934,586068,31121413.0,1332940.34461091,4613.0
Roraima,2013,11640,8283.4118198096,29122.4138566982,347087302.27,49536,62428,9010725.0,331328.517152902,1395.0
Tocantins,2013,5305,106803.6643678063,957204.2434808688,213377454.41,833918,839562,23796656.0,1708171.26263438,1395.0
Acre,2014,12814,44083.775579913505,683.829651315,182797518.72,104854,123511,13458698.0,486965.643529851,4398.0
Amapá,2014,3509,750.9585599120999,26656.0781556253,36984607.71,37749,43172,13400284.0,140603.343257742,1848.0
Amazonas,2014,19422,16321.9146332189,0.0,323961804.81,106428,137654,86668644.0,938469.518992806,9007.0
Maranhão,2014,31106,452446.6309045748,1279353.0675709378,327050356.84,1974673,2006386,76842028.0,3263726.3911641,24675.0
Mato Grosso,2014,53499,2743098.9195341426,17457434.79311633,356869021.21,13499111,13613926,101234520.0,25076410.2683588,24955.0
Pará,2014,296533,225917.5469620282,479594.7418298084,341249275.11,921703,1219701,124584945.0,4058337.92135267,35526.0
Rondônia,2014,112165,145479.4101349715,443770.03504830087,162591513.45,460902,577738,34030982.0,1466967.30189556,7334.0
Roraima,2014,11670,7964.734353017601,22574.4929768494,51081875.36,47553,60450,9744122.0,282011.495738337,2519.0
Tocantins,2014,4174,145005.819373219,1439460.6783375973,180450862.23,1032966,1038966,26189323.0,2158892.25697912,2519.0
Acre,2015,12483,39699.8180020851,0.0,165532358.44,95116,116587,13622802.0,376911.32985448,5779.0
Amapá,2015,3481,680.9915402938001,16426.0920172389,26324059.45,30223,34499,13861293.0,122612.766857137,2936.0
Amazonas,2015,22559,12750.932234323902,0.0,186133489.71,95698,124636,86568184.0,933412.404562765,13419.0
Maranhão,2015,26757,405945.7093523856,1337234.2158282525,152166094.59,1802597,1829731,78475994.0,2665343.96796707,28436.0
Mato Grosso,2015,50351,3920653.461334594,16374445.01532596,298147296.66,14062535,14143427,107418319.0,25213035.588384,27741.0
Pará,2015,453059,266655.1647828561,619068.6297809638,330761349.73,990082,1443743,130899505.0,7084513.4116485,43164.0
Rondônia,2015,106669,209263.2825748287,418031.423264368,197227386.28,505298,613623,36563333.0,1374130.51578731,13113.0
Roraima,2015,14524,8041.597987397501,46146.26360003301,56899914.36,50589,65534,10242905.0,370611.643762698,2452.0
Tocantins,2015,4173,195889.6511274258,1372464.7268131238,212806758.68,1199380,1203703,28930291.0,2189651.8319974,2452.0
Acre,2016,12304,36829.1693186169,123.7049008204,156086343.56,94234,107294,13754240.0,367735.33832453,7684.0
Amapá,2016,3282,590.6116034042,23587.669857976303,15120322.98,32950,37651,14342135.0,116808.511195721,2595.0
Amazonas,2016,20103,6198.567107263901,0.0,212944639.92,99372,123625,89039782.0,1049191.38020253,11173.0
Maranhão,2016,25790,324469.7078586099,834146.5869209326,230486620.11,1558548,1597851,85310038.0,1858846.93429745,21789.0
Mato Grosso,2016,47192,4902669.457394895,17437397.778376743,359746835.4,14249896,14551044,123880296.0,27721972.0164813,27305.0
Pará,2016,499720,291130.28551134287,975734.1413271452,346487410.23,1043102,1545064,138107514.0,6217954.51995094,29724.0
Rondônia,2016,105169,208931.868028752,494716.8330564377,197271540.21,502835,626280,39460359.0,1669768.75127422,11474.0
Roraima,2016,9507,11182.9230341672,55493.3841239398,72457326.32,51955,64121,11013237.0,318085.266208062,3870.0
Tocantins,2016,4572,205070.37197083392,1220868.4071770268,218469173.36,1195553,1232549,31584816.0,2109560.60836638,3870.0
Acre,2017,12174,37864.2765727933,169.50135121789998,164523808.72,85379,100543,14272941.0,314997.150059418,6295.0
Amapá,2017,3260,594.7845248513,29672.5271549065,18083579.3,38370,42260,15481908.0,128273.360104912,1946.0
Amazonas,2017,26212,5769.165123764399,0.0,195632347.78,102080,131242,93240191.0,1053091.08989705,11685.0
Maranhão,2017,27100,405156.5709514754,1420984.2879829423,244680126.98,1776587,1810133,89542757.0,2574359.59789571,25576.0
Mato Grosso,2017,45448,4261711.893767348,17007083.292375516,424895427.29,15540733,15619823,126845898.0,26547353.0288854,30911.0
Pará,2017,528818,262624.90404248744,918112.941686383,360105916.8,1160359,1692473,155232404.0,6484516.51046351,49770.0
Rondônia,2017,98552,204395.9885941242,582255.4989806857,211889774.0,584546,685672,43516147.0,1953078.40153135,11313.0
Roraima,2017,9887,20384.832177340108,34254.5709019099,82282679.1,47465,58398,12104709.0,324190.609628726,1565.0
Tocantins,2017,4083,229747.14917032575,1397605.339879576,227070044.04,1278379,1282545,34108132.0,2274246.74699522,1565.0
Acre,2018,10657,33140.4971625607,1018.3652206265,169723119.04,72179,85330,15331123.0,267881.58616991,6626.0
Amapá,2018,2481,426.90525925049997,30765.8732582246,21335022.6,33280,36828,16795207.0,97938.1567528649,1206.0
Amazonas,2018,25686,3934.6727529552995,0.0,287725507.4,94871,123073,100109235.0,946496.393676147,11446.0
Maranhão,2018,25594,422623.9089756717,1846383.985584104,226382631.89,1794387,1821742,98179496.0,2896230.10185774,13892.0
Mato Grosso,2018,44509,5397832.847050167,17554375.29739016,474600347.7,15471367,15523336,137442853.0,29377288.6524082,18032.0
Pará,2018,544369,263305.67712219607,985569.0585701308,417302765.46,1123143,1672393,161349602.0,5851527.72892751,22080.0
Rondônia,2018,85938,184518.52543554574,585436.4394326431,331265715.1,570799,657384,44913978.0,1785670.3277469,10255.0
Roraima,2018,9365,18493.371861635398,77626.4847129403,46439919.3,66450,75980,13369988.0,246045.587120618,2383.0
Tocantins,2018,13046,232523.40695415088,1530335.305609153,231303102.81,1348373,1361447,35666183.0,2512067.48728133,2383.0
Acre,2019,10354,30894.3733529928,3574.0494480019,133543443.15,68823,81903,15630017.0,238250.485070768,6802.0
Amapá,2019,2521,459.04706791639995,26960.7276706375,12065101.52,33785,37334,17496661.0,96433.0345403436,1277.0
Amazonas,2019,21896,3177.3698519812997,5056.8220455931,194136544.33,95921,123121,108181091.0,946321.316491729,12676.0
Maranhão,2019,21561,501605.8441214413,1723906.0330969922,187028560.82,1700267,1722710,97339938.0,2783955.27739411,18521.0
Mato Grosso,2019,39132,6650319.3805635935,18409345.48651537,478614779.14,16592915,16640532,142122028.0,32788208.2722406,31169.0
Pará,2019,586389,265371.9073086328,1079400.016658252,351858820.84,1187716,1788303,178376984.0,5900825.87229071,30165.0
Rondônia,2019,83343,313236.41357751907,683989.1211016143,231759609.36,656692,740890,47091336.0,1809742.77797535,11230.0
Roraima,2019,9932,20997.048871534695,72922.74511214899,48894711.29,71665,81597,14292227.0,279776.545840062,4784.0
Tocantins,2019,13704,298800.3103755834,1575215.2376683746,253891184.06,1413202,1427218,39355941.0,2678345.23457925,4784.0
Acre,2020,10203,37555.216294703125,7643.921367349223,155337182.56,69445,81550,16476371.0,232947.250351828,9193.0
Amapá,2020,2524,512.4092266272762,23465.80955760565,14106295.06,35718,38679,18469115.0,88954.9805405562,750.0
Amazonas,2020,20837,3391.6108131138044,5277.129007489972,175044113.03,98291,123071,116019139.0,843171.229410335,16729.0
Maranhão,2020,19056,807767.498611986,2746498.1510480787,177323516.55,1699974,1719056,106915962.0,4097171.93253453,16817.0
Mato Grosso,2020,37589,10090285.972373713,22939332.03275731,555308252.18,17149919,17188641,178649564.0,41799931.4771581,47708.0
Pará,2020,651600,346956.9839941454,1428548.9019628782,380705994.45,1310866,1968093,215935604.0,7981858.68244377,38603.0
Rondônia,2020,83545,396740.36362500425,884772.4205150814,210685707.64,721826,813919,51598741.0,2196163.25366977,11145.0
Roraima,2020,10007,47137.95485940418,162262.74586100387,67296396.75,84045,94052,16024276.0,422452.647001098,1930.0
Tocantins,2020,5286,620513.3251973114,2452103.4828201374,245572935.63,1547057,1552679,43649803.0,4316435.58736993,1930.0
